805.801
822.48
836.171
810.694
897.86
811.179
838.307
819.993
839.343
805.931
803.694
874.807
836.517
872.451
812.743
882.581
832.775
815.148
806.835
822.294
812.961
832.395
815.492
888.626
834.984
811.3
861.273
832.451
887.304
838.051
833.402
850.585
834.65
834.488
836.406
819.4
809.673
852.23
840.686
839.138
832.599
811.675
873.792
834.15
829.195
804.686
837.838
820.412
820.242
892.888
832.892
838.846
821.692
836.349
835.978
832.634
804.644
804.037
810.153
804.644
832.607
826.14
823.57
836.526
804.037
821.755
892.59
870.972
883.47
859.997
819.904
835.627
840.591
867.604
822.235
834.758
837.966
833.831
846.035
815.792
815.297
851.695
832.524
839.224
811.597
803.311
853.943
824.289
813.865
834.225
813.265
832.634
805.83
874.807
837.257
881.215
803.311
840.177
886.593
832.236
