833.941
837.401
803.311
833.961
847.639
812.783
836.349
820.242
811.3
832.995
849.793
822.907
854.581
834.055
877.766
838.13
839.218
836.551
844.811
860.151
813.265
838.189
834.864
893.571
865.444
804.037
843.47
805.224
849.921
805.224
811.675
834.488
901.825
850.094
838.958
832.204
867.47
887.28
832.524
815.754
807.429
886.846
861.11
848.27
864.84
819.618
892.05
858.958
819.636
822.026
839.566
833.117
811.069
834.15
836.402
877.258
864.516
803.311
803.917
811.675
839.792
815.148
819.4
836.05
820.904
879.604
810.574
821.827
835.846
833.906
894.29
836.793
829.142
830.157
834.225
804.037
851.009
811.3
830.175
816.43
859.498
866.948
865.444
856.824
806.229
825.295
849.882
803.432
807.696
839.186
877.481
861.988
838.958
883.77
820.103
797.872
816.848
860.151
832.634
849.586
